field "n" "too many edges if N too large"

bridge1

20 03 40 06 02 03 08 00 26
00 04 00 c8 00 3e 00 00 00 44
00 04 03 96 00 5c 00 02 80 62
00 04 0b 00 00 7a 00 07 80 00
64 70 fe 00 00 64 00
90 01 00 00 00 9c
90 01 c0 f9 9c 00 70
fe c0 f9 00 00 70 fe 00 00 00
9c 90 01 00 00 9c 00 70 fe 00
00 00 64 70 fe
20 03 64 00
90 01 20 03 00 40 70 fe
20 03 00 9c
90 01 20 03 9c ce 70 fe
20 03 00 64 e0 fc 40 06 64 ce 
20 03 40 06 00 40 e0 fc 40 06

ground
80 3e 80 3e 00 01 08 00 0e
00 04 00 00 00 00 7d 80
c1 80 3e 7d 00 80 3e 80 3e 00
83 80 3e 80
c1 83 00 80 c1 80 c1 

