0x44393
0C 0A A6 00 A0 9B 0A 00 E0 A1 0A 00
05 06 08 10
items cap ?? 
19 31 20 00
2E 4C 20 00
35 05 00 00
36 08 00 00
4A 01 00 00
54 05 00 00
00 00 00 00
00 00 00 00
00 00 00 00 62 00

// Hole in the dirt lamut
0F 0A 00 00
01 00 00 00
01 00 00 00
06 01 01 00
35 08 00 00

// Inn Barmaid
GDS X Y
0F 0A 00 00 
01 00 00 00 // Which scene? GDS 1 2
02 00 00 00
items cap ?? 443e9
06 04 04 04
48 0E 00 00
48 07 00 00
88 00 00 00
87 00 00 00 // ale end
00 23 1E 0A 28 1E 3E 3C 3C 01 06 05 00 00 00 00

0F 0A 00 00
01 00 00 00
03 00 00 00 // Fletchers post
items cap ??
06 11 16 04
12 64 00 00
1E 64 00 00
21 64 00 00
23 64 00 00
24 19 00 00
25 19 00 00
26 19 00 00
30 64 00 00
4C 00 00 00
4D 00 00 00
54 03 00 00
56 06 00 00
5A 00 00 00
81 64 00 00
85 0B 00 00
30 12 62 00
1F 64 00 00 // Medium crossbow??
00 00 00 00
00 00 00 00
00 00 00 00
00 00 00 00
00 00 00 00
00 0A 14 23 37 1E 00 00 00 01 00 00 04 64 04 21 

0F 0A 00 00
02 00 00 00
02 00 00 00
06 01 1C 00
52 04 00 00
00 00 00 00
00 00 00 00
00 00 00 00
00 00 00 00
00 00 00 00
00 00 00 00
00 00 00 00
00 00 00 00
00 00 00 00
00 00 00 00
00 00 00 00
00 00 00 00
00 00 00 00
00 00 00 00
00 00 00 00
00 00 00 00
00 00 00 00
00 00 00 00
00 00 00 00
00 00 00 00
00 00 00 00
00 00 00 00
00 00 00 00
00 00 00 00
00 00 00 00
00 00 00 00
00 00 00 00

0F 0A 00 00
02 00 00 00
03 00 00 00
06 05 05 04
48 0E 00 00
48 07 00 00
88 00 00 00
87 00 00 00
86 00 00 00
00 19 0F 00 32 4B 49 B4 B4 00 07 08 00 00 00 00

0F 0A 00 00
02 00 00 00
05 00 00 00
06 01 01 00
35 05 00 00

0F 0A 00 00
02 00 00 00
06 00 00 00
06 10 16 04
24 19 00 00
25 19 00 00
26 19 00 00
2E 64 00 00
2D 64 00 00
2F 64 00 00
18 64 00 00
19 64 00 00
3B 64 00 00
55 14 00 00
56 06 00 00
4B 1E 00 00
4D 00 00 00
4C 00 00 00
52 04 00 00
54 03 00 00
00 00 00 00
00 00 00 00
00 00 00 00
00 00 00 00
00 00 00 00
00 00 00 00

00 28 0A 19 41 50 00 00 00 00 00 00 07 64 C4 83
0F 0A 00 00
02 00 00 00
07 00 00 00
06 0A 10 04
3A 64 00 00
39 64 00 00
38 64 00 00
06 0A 00 00 58 00 00 00 3F 01 00 00 3B 64 00 00 3E 01 00 00 05 00 00 00 6A 06 00 00 00 00 00 00 00 00 00 00 00 00 00 00 00 00 00 00 00 00 00 00 00 00 00 00 00 23 0A 1E 41 41 00 00 00 00 00 00 00 00 0C 20 0F 0A 00 00 35 00 00 00 04 00 00 00 06 08 0E 04 4E 08 00 00 75 06 00 00 77 0C 00 00 76 06 00 00 6C 06 00 00 56 06 00 00 68 04 00 00 6A 06 00 00 00 00 00 00 00 00 00 00 00 00 00 00 00 00 00 00 00 00 00 00 00 00 00 00 00 0F 14 19 3C 14 00 00 00 00 00 00 00 00 04 C0 0F 0A 00 00 03 00 00 00 01 00 00 00 06 01 01 00 52 0A 00 00 0F 0A 00 00 03 00 00 00 02 00 00 00 06 03 03 04 48 0E 00 00 48 07 00 00 88 00 00 00 00 00 0A 0E 28 1E 3C 55 55 00 06 04 00 00 00 00 0F 0A 00 00 03 00 00 00 04 00 00 00 06 0F 15 04 68 04 00 00 30 64 00 00 2E 64 00 00 12 64 00 00 19 64 00 00 1D 64 00 00 18 64 00 00 1F 64 00 00 21 64 00 00 24 19 00 00 25 19 00 00 26 19 00 00 56 06 00


